Digit -> 	 0 	 1 	 2 	 3 	 4 	 5 	 6 	 7 	 8 	 9
Name 											  	 total 	 chi-square 	 P 	
RTS_Coulter 	 475 	 613 	 736 	 416 	 335 	 732 	 363 	 425 	 372 	 718 	 5185 	 467.3301 	 0.0000
RTS_Colony 	 564 	 324 	 463 	 313 	 290 	 478 	 336 	 408 	 383 	 526 	 4085 	 200.9779 	 0.0000
Rest_Coulter 	 261 	 311 	 295 	 259 	 318 	 290 	 298 	 283 	 331 	 296 	 2942 	 16.0068 	 0.0667
Rest_Colony 	 191 	 181 	 195 	 179 	 184 	 175 	 178 	 185 	 185 	 181 	 1834 	 1.8033 	 0.9942
Out1_Coulter 	 28 	 34 	 29 	 25 	 27 	 36 	 44 	 33 	 26 	 33 	 315 	 9.7097 	 0.3745
Out2_Coulter 	 34 	 38 	 45 	 35 	 32 	 42 	 31 	 35 	 35 	 33 	 360 	 4.9444 	 0.8391
Out3_Colony 	 21 	 9 	 15 	 16 	 19 	 19 	 9 	 19 	 11 	 12 	 150 	 12.1333 	 0.2059


